"Nocom";"Refprod";"PrixUnit";"Qte";"Remise%"
10248;11;70;12;0.00
10248;42;49;10;0.00
10248;72;174;5;0.00
10249;14;93;9;0.00
10249;51;212;40;0.00
10250;41;38;10;0.00
10250;51;212;35;0.15
10250;65;84;15;0.15
10251;22;84;6;0.05
10251;57;78;15;0.05
10251;65;84;20;0.00
10252;20;324;40;0.05
10252;33;10;25;0.05
10252;60;136;40;0.00
10253;31;50;20;0.00
10253;39;72;42;0.00
10253;49;80;40;0.00
10254;24;18;15;0.15
10254;55;96;21;0.15
10254;74;40;21;0.00
10255;2;76;20;0.00
10255;16;70;35;0.00
10255;36;76;25;0.00
10255;59;220;30;0.00
10256;53;131;15;0.00
10256;77;52;12;0.00
10257;27;176;25;0.00
10257;39;72;6;0.00
10257;77;52;15;0.00
10258;2;76;50;0.20
10258;5;85;65;0.20
10258;32;128;6;0.20
10259;21;40;10;0.00
10259;37;104;1;0.00
10260;41;38;16;0.25
10260;57;78;50;0.00
10260;62;197;15;0.25
10260;70;60;21;0.25
10261;21;40;20;0.00
10261;35;72;20;0.00
10262;5;85;12;0.20
10262;7;120;15;0.00
10262;56;152;2;0.00
10263;16;70;60;0.25
10263;24;18;28;0.00
10263;30;104;60;0.25
10263;74;40;36;0.25
10264;2;76;35;0.00
10264;41;38;25;0.15
10265;17;156;30;0.00
10265;70;60;20;0.00
10266;12;152;12;0.05
10267;40;74;50;0.00
10267;59;220;70;0.15
10267;76;72;15;0.15
10268;29;495;10;0.00
10268;72;139;4;0.00
10269;33;10;60;0.05
10269;72;139;20;0.05
10270;36;76;30;0.00
10270;43;184;25;0.00
10271;33;10;24;0.00
10272;20;324;6;0.00
10272;31;50;40;0.00
10272;72;139;24;0.00
10273;10;124;24;0.05
10273;31;50;15;0.05
10273;33;10;20;0.00
10273;40;74;60;0.05
10273;76;72;33;0.05
10274;71;86;20;0.00
10274;72;139;7;0.00
10275;24;18;12;0.05
10275;59;220;6;0.05
10276;10;124;15;0.00
10276;13;24;10;0.00
10277;28;182;20;0.00
10277;62;197;12;0.00
10278;44;78;16;0.00
10278;59;220;15;0.00
10278;63;176;8;0.00
10278;73;60;25;0.00
10279;17;156;15;0.25
10280;24;18;12;0.00
10280;55;96;20;0.00
10280;75;31;30;0.00
10281;19;36;1;0.00
10281;24;18;6;0.00
10281;35;72;4;0.00
10282;30;104;6;0.00
10282;57;78;2;0.00
10283;15;62;20;0.00
10283;19;36;18;0.00
10283;60;136;35;0.00
10283;72;139;3;0.00
10284;27;176;15;0.25
10284;44;78;21;0.00
10284;60;136;20;0.25
10284;67;56;5;0.25
10285;1;72;45;0.20
10285;40;74;40;0.20
10285;53;131;36;0.20
10286;35;72;100;0.00
10286;62;197;40;0.00
10287;16;70;40;0.15
10287;34;56;20;0.00
10287;46;48;15;0.15
10288;54;30;10;0.10
10288;68;50;3;0.10
10289;3;40;30;0.00
10289;64;133;9;0.00
10290;5;85;20;0.00
10290;29;495;15;0.00
10290;49;80;15;0.00
10290;77;52;10;0.00
10291;13;24;20;0.10
10291;44;78;24;0.10
10291;51;212;2;0.10
10292;20;324;20;0.00
10293;18;250;12;0.00
10293;24;18;10;0.00
10293;63;176;5;0.00
10293;75;31;6;0.00
10294;1;72;18;0.00
10294;17;156;15;0.00
10294;43;184;15;0.00
10294;60;136;21;0.00
10294;75;31;6;0.00
10295;56;152;4;0.00
10296;11;84;12;0.00
10296;16;70;30;0.00
10296;69;144;15;0.00
10297;39;72;60;0.00
10297;72;139;20;0.00
10298;2;76;40;0.00
10298;36;76;40;0.25
10298;59;220;30;0.25
10298;62;197;15;0.00
10299;19;36;15;0.00
10299;70;60;20;0.00
10300;66;68;30;0.00
10300;68;50;20;0.00
10301;40;74;10;0.00
10301;56;152;20;0.00
10302;17;156;40;0.00
10302;28;182;28;0.00
10302;43;184;12;0.00
10303;40;74;40;0.10
10303;65;84;30;0.10
10303;68;50;15;0.10
10304;49;80;30;0.00
10304;59;220;10;0.00
10304;71;86;2;0.00
10305;18;250;25;0.10
10305;29;495;25;0.10
10305;39;72;30;0.10
10306;30;104;10;0.00
10306;53;131;10;0.00
10306;54;30;5;0.00
10307;62;197;10;0.00
10307;68;50;3;0.00
10308;69;144;1;0.00
10308;70;60;5;0.00
10309;4;88;20;0.00
10309;6;100;30;0.00
10309;42;56;2;0.00
10309;43;184;20;0.00
10309;71;86;3;0.00
10310;16;70;10;0.00
10310;62;197;5;0.00
10311;42;56;6;0.00
10311;69;144;7;0.00
10312;28;182;4;0.00
10312;43;184;24;0.00
10312;53;131;20;0.00
10312;75;31;10;0.00
10313;36;76;12;0.00
10314;32;128;40;0.10
10314;58;53;30;0.10
10314;62;197;25;0.10
10315;34;56;14;0.00
10315;70;60;30;0.00
10316;41;38;10;0.00
10316;62;197;70;0.00
10317;1;72;20;0.00
10318;41;38;20;0.00
10318;76;72;6;0.00
10319;17;156;8;0.00
10319;28;182;14;0.00
10319;76;72;30;0.00
10320;71;86;30;0.00
10321;35;72;10;0.00
10322;52;28;20;0.00
10323;15;62;5;0.00
10323;25;56;4;0.00
10323;39;72;4;0.00
10324;16;70;21;0.15
10324;35;72;70;0.15
10324;46;48;30;0.00
10324;59;220;40;0.15
10324;63;176;80;0.15
10325;6;100;6;0.00
10325;13;24;12;0.00
10325;14;93;9;0.00
10325;31;50;4;0.00
10325;72;139;40;0.00
10326;4;88;24;0.00
10326;57;78;16;0.00
10326;75;31;50;0.00
10327;2;76;25;0.20
10327;11;84;50;0.20
10327;30;104;35;0.20
10327;58;53;30;0.20
10328;59;220;9;0.00
10328;65;84;40;0.00
10328;68;50;10;0.00
10329;19;36;10;0.05
10329;30;104;8;0.05
10329;38;1054;20;0.05
10329;56;152;12;0.05
10330;26;124;50;0.15
10330;72;139;25;0.15
10331;54;30;15;0.00
10332;18;250;40;0.20
10332;42;56;10;0.20
10332;47;38;16;0.20
10333;14;93;10;0.00
10333;21;40;10;0.10
10333;71;86;40;0.10
10334;52;28;8;0.00
10334;68;50;10;0.00
10335;2;76;7;0.20
10335;31;50;25;0.20
10335;32;128;6;0.20
10335;51;212;48;0.20
10336;4;88;18;0.10
10337;23;36;40;0.00
10337;26;124;24;0.00
10337;36;76;20;0.00
10337;37;104;28;0.00
10337;72;139;25;0.00
10338;17;156;20;0.00
10338;30;104;15;0.00
10339;4;88;10;0.00
10339;17;156;70;0.05
10339;62;197;28;0.00
10340;18;250;20;0.05
10340;41;38;12;0.05
10340;43;184;40;0.05
10341;33;10;8;0.00
10341;59;220;9;0.15
10342;2;76;24;0.20
10342;31;50;56;0.20
10342;36;76;40;0.20
10342;55;96;40;0.20
10343;64;133;50;0.00
10343;68;50;4;0.05
10343;76;72;15;0.00
10344;4;88;35;0.00
10344;8;160;70;0.25
10345;8;160;70;0.00
10345;19;36;80;0.00
10345;42;56;9;0.00
10346;17;156;36;0.10
10346;56;152;20;0.00
10347;25;56;10;0.00
10347;39;72;50;0.15
10347;40;74;4;0.00
10347;75;31;6;0.15
10348;1;72;15;0.15
10348;23;36;25;0.00
10349;54;30;24;0.00
10350;50;65;15;0.10
10350;69;144;18;0.10
10351;38;1054;20;0.05
10351;41;38;13;0.00
10351;44;78;77;0.05
10351;65;84;10;0.05
10352;24;18;10;0.00
10352;54;30;20;0.15
10353;11;84;12;0.20
10353;38;1054;50;0.20
10354;1;72;12;0.00
10354;29;495;4;0.00
10355;24;18;25;0.00
10355;57;78;25;0.00
10356;31;50;30;0.00
10356;55;96;12;0.00
10356;69;144;20;0.00
10357;10;124;30;0.20
10357;26;124;16;0.00
10357;60;136;8;0.20
10358;24;18;10;0.05
10358;34;56;10;0.05
10358;36;76;20;0.05
10359;16;70;56;0.05
10359;31;50;70;0.05
10359;60;136;80;0.05
10360;28;182;30;0.00
10360;29;495;35;0.00
10360;38;1054;10;0.00
10360;49;80;35;0.00
10360;54;30;28;0.00
10361;39;72;54;0.10
10361;60;136;55;0.10
10362;25;56;50;0.00
10362;51;212;20;0.00
10362;54;30;24;0.00
10363;31;50;20;0.00
10363;75;31;12;0.00
10363;76;72;12;0.00
10364;69;144;30;0.00
10364;71;86;5;0.00
10365;11;84;24;0.00
10366;65;84;5;0.00
10366;77;52;5;0.00
10367;34;56;36;0.00
10367;54;30;18;0.00
10367;65;84;15;0.00
10367;77;52;7;0.00
10368;21;40;5;0.10
10368;28;182;13;0.10
10368;57;78;25;0.00
10368;64;133;35;0.10
10369;29;495;20;0.00
10369;56;152;18;0.25
10370;1;72;15;0.15
10370;64;133;30;0.00
10370;74;40;20;0.15
10371;36;76;6;0.20
10372;20;324;12;0.25
10372;38;1054;40;0.25
10372;60;136;70;0.25
10372;72;139;42;0.25
10373;58;53;80;0.20
10373;71;86;50;0.20
10374;31;50;30;0.00
10374;58;53;15;0.00
10375;14;93;15;0.00
10375;54;30;10;0.00
10376;31;50;42;0.05
10377;28;182;20;0.15
10377;39;72;20;0.15
10378;71;86;6;0.00
10379;41;38;8;0.10
10379;63;176;16;0.10
10379;65;84;20;0.10
10380;30;104;18;0.10
10380;53;131;20;0.10
10380;60;136;6;0.10
10380;70;60;30;0.00
10381;74;40;14;0.00
10382;5;85;32;0.00
10382;18;250;9;0.00
10382;29;495;14;0.00
10382;33;10;60;0.00
10382;74;40;50;0.00
10383;13;24;20;0.00
10383;50;65;15;0.00
10383;56;152;20;0.00
10384;20;324;28;0.00
10384;60;136;15;0.00
10385;7;120;10;0.20
10385;60;136;20;0.20
10385;68;50;8;0.20
10386;24;18;15;0.00
10386;34;56;10;0.00
10387;24;18;15;0.00
10387;28;182;6;0.00
10387;59;220;12;0.00
10387;71;86;15;0.00
10388;45;38;15;0.20
10388;52;28;20;0.20
10388;53;131;40;0.00
10389;10;124;16;0.00
10389;55;96;15;0.00
10389;62;197;20;0.00
10389;70;60;30;0.00
10390;31;50;60;0.10
10390;35;72;40;0.10
10390;46;48;45;0.00
10390;72;139;24;0.10
10391;13;24;18;0.00
10392;69;144;50;0.00
10393;2;76;25;0.25
10393;14;93;42;0.25
10393;25;56;7;0.25
10393;26;124;70;0.25
10393;31;50;32;0.00
10394;13;24;10;0.00
10394;62;197;10;0.00
10395;46;48;28;0.10
10395;53;131;70;0.10
10395;69;144;8;0.00
10396;23;36;40;0.00
10396;71;86;60;0.00
10396;72;139;21;0.00
10397;21;40;10;0.15
10397;51;212;18;0.15
10398;35;72;30;0.00
10398;55;96;120;0.10
10399;68;50;60;0.00
10399;71;86;30;0.00
10399;76;72;35;0.00
10399;77;52;14;0.00
10400;29;495;21;0.00
10400;35;72;35;0.00
10400;49;80;30;0.00
10401;30;104;18;0.00
10401;56;152;70;0.00
10401;65;84;20;0.00
10401;71;86;60;0.00
10402;23;36;60;0.00
10402;63;176;65;0.00
10403;16;70;21;0.15
10403;48;51;70;0.15
10404;26;124;30;0.05
10404;42;56;40;0.05
10404;49;80;30;0.05
10405;3;40;50;0.00
10406;1;72;10;0.00
10406;21;40;30;0.10
10406;28;182;42;0.10
10406;36;76;5;0.10
10406;40;74;2;0.10
10407;11;84;30;0.00
10407;69;144;15;0.00
10407;71;86;15;0.00
10408;37;104;10;0.00
10408;54;30;6;0.00
10408;62;197;35;0.00
10409;14;93;12;0.00
10409;21;40;12;0.00
10410;33;10;49;0.00
10410;59;220;16;0.00
10411;41;38;25;0.20
10411;44;78;40;0.20
10411;59;220;9;0.20
10412;14;93;20;0.10
10413;1;72;24;0.00
10413;62;197;40;0.00
10413;76;72;14;0.00
10414;19;36;18;0.05
10414;33;10;50;0.00
10415;17;156;2;0.00
10415;33;10;20;0.00
10416;19;36;20;0.00
10416;53;131;10;0.00
10416;57;78;20;0.00
10417;38;1054;50;0.00
10417;46;48;2;0.25
10417;68;50;36;0.25
10417;77;52;35;0.00
10418;2;76;60;0.00
10418;47;38;55;0.00
10418;61;114;16;0.00
10418;74;40;15;0.00
10419;60;136;60;0.05
10419;69;144;20;0.05
10420;9;388;20;0.10
10420;13;24;2;0.10
10420;70;60;8;0.10
10420;73;60;20;0.10
10421;19;36;4;0.15
10421;26;124;30;0.00
10421;53;131;15;0.15
10421;77;52;10;0.15
10422;26;124;2;0.00
10423;31;50;14;0.00
10423;59;220;20;0.00
10424;35;72;60;0.20
10424;38;1054;49;0.20
10424;68;50;30;0.20
10425;55;96;10;0.25
10425;76;72;20;0.25
10426;56;152;5;0.00
10426;64;133;7;0.00
10427;14;93;35;0.00
10428;46;48;20;0.00
10429;50;65;40;0.00
10429;63;176;35;0.25
10430;17;156;45;0.20
10430;21;40;50;0.00
10430;56;152;30;0.00
10430;59;220;70;0.20
10431;17;156;50;0.25
10431;40;74;50;0.25
10431;47;38;30;0.25
10432;26;124;10;0.00
10432;54;30;40;0.00
10433;56;152;28;0.00
10434;11;84;6;0.00
10434;76;72;18;0.15
10435;2;76;10;0.00
10435;22;84;12;0.00
10435;72;139;10;0.00
10436;46;48;5;0.00
10436;56;152;40;0.10
10436;64;133;30;0.10
10436;75;31;24;0.10
10437;53;131;15;0.00
10438;19;36;15;0.20
10438;34;56;20;0.20
10438;57;78;15;0.20
10439;12;152;15;0.00
10439;16;70;16;0.00
10439;64;133;6;0.00
10439;74;40;30;0.00
10440;2;76;45;0.15
10440;16;70;49;0.15
10440;29;495;24;0.15
10440;61;114;90;0.15
10441;27;176;50;0.00
10442;11;84;30;0.00
10442;54;30;80;0.00
10442;66;68;60;0.00
10443;11;84;6;0.20
10443;28;182;12;0.00
10444;17;156;10;0.00
10444;26;124;15;0.00
10444;35;72;8;0.00
10444;41;38;30;0.00
10445;39;72;6;0.00
10445;54;30;15;0.00
10446;19;36;12;0.10
10446;24;18;20;0.10
10446;31;50;3;0.10
10446;52;28;15;0.10
10447;19;36;40;0.00
10447;65;84;35;0.00
10447;71;86;2;0.00
10448;26;124;6;0.00
10448;40;74;20;0.00
10449;10;124;14;0.00
10449;52;28;20;0.00
10449;62;197;35;0.00
10450;10;124;20;0.20
10450;54;30;6;0.20
10451;55;96;120;0.10
10451;64;133;35;0.10
10451;65;84;28;0.10
10451;77;52;55;0.10
10452;28;182;15;0.00
10452;44;78;100;0.05
10453;48;51;15;0.10
10453;70;60;25;0.10
10454;16;70;20;0.20
10454;33;10;20;0.20
10454;46;48;10;0.20
10455;39;72;20;0.00
10455;53;131;50;0.00
10455;61;114;25;0.00
10455;71;86;30;0.00
10456;21;40;40;0.15
10456;49;80;21;0.15
10457;59;220;36;0.00
10458;26;124;30;0.00
10458;28;182;30;0.00
10458;43;184;20;0.00
10458;56;152;15;0.00
10458;71;86;50;0.00
10459;7;120;16;0.05
10459;46;48;20;0.05
10459;72;139;40;0.00
10460;68;50;21;0.25
10460;75;31;4;0.25
10461;21;40;40;0.25
10461;30;104;28;0.25
10461;55;96;60;0.25
10462;13;24;1;0.00
10462;23;36;21;0.00
10463;19;36;21;0.00
10463;42;56;50;0.00
10464;4;88;16;0.20
10464;43;184;3;0.00
10464;56;152;30;0.20
10464;60;136;20;0.00
10465;24;18;25;0.00
10465;29;495;18;0.10
10465;40;74;20;0.00
10465;45;38;30;0.10
10465;50;65;25;0.00
10466;11;84;10;0.00
10466;46;48;5;0.00
10467;24;18;28;0.00
10467;25;56;12;0.00
10468;30;104;8;0.00
10468;43;184;15;0.00
10469;2;76;40;0.15
10469;16;70;35;0.15
10469;44;78;2;0.15
10470;18;250;30;0.00
10470;23;36;15;0.00
10470;64;133;8;0.00
10471;7;120;30;0.00
10471;56;152;20;0.00
10472;24;18;80;0.05
10472;51;212;18;0.00
10473;33;10;12;0.00
10473;71;86;12;0.00
10474;14;93;12;0.00
10474;28;182;18;0.00
10474;40;74;21;0.00
10474;75;31;10;0.00
10475;31;50;35;0.15
10475;66;68;60;0.15
10475;76;72;42;0.15
10476;55;96;2;0.05
10476;70;60;12;0.00
10477;1;72;15;0.00
10477;21;40;21;0.25
10477;39;72;20;0.25
10478;10;124;20;0.05
10479;38;1054;30;0.00
10479;53;131;28;0.00
10479;59;220;60;0.00
10479;64;133;30;0.00
10480;47;38;30;0.00
10480;59;220;12;0.00
10481;49;80;24;0.00
10481;60;136;40;0.00
10482;40;74;10;0.00
10483;34;56;35;0.05
10483;77;52;30;0.05
10484;21;40;14;0.00
10484;40;74;10;0.00
10484;51;212;3;0.00
10485;2;76;20;0.10
10485;3;40;20;0.10
10485;55;96;30;0.10
10485;70;60;60;0.10
10486;11;84;5;0.00
10486;51;212;25;0.00
10486;74;40;16;0.00
10487;19;36;5;0.00
10487;26;124;30;0.00
10487;54;30;24;0.25
10488;59;220;30;0.00
10488;73;60;20;0.20
10489;11;84;15;0.25
10489;16;70;18;0.00
10490;59;220;60;0.00
10490;68;50;30;0.00
10490;75;31;36;0.00
10491;44;78;15;0.15
10491;77;52;7;0.15
10492;25;56;60;0.05
10492;42;56;20;0.05
10493;65;84;15;0.10
10493;66;68;10;0.10
10493;69;144;10;0.10
10494;56;152;30;0.00
10495;23;36;10;0.00
10495;41;38;20;0.00
10495;77;52;5;0.00
10496;31;50;20;0.05
10497;56;152;14;0.00
10497;72;139;25;0.00
10497;77;52;25;0.00
10498;24;22;14;0.00
10498;40;92;5;0.00
10498;42;70;30;0.00
10499;28;228;20;0.00
10499;49;100;25;0.00
10500;15;78;12;0.05
10500;28;228;8;0.05
10501;54;37;20;0.00
10502;45;48;21;0.00
10502;53;164;6;0.00
10502;67;70;30;0.00
10503;14;116;70;0.00
10503;65;105;20;0.00
10504;2;95;12;0.00
10504;21;50;12;0.00
10504;53;164;10;0.00
10504;61;142;25;0.00
10505;62;246;3;0.00
10506;25;70;18;0.10
10506;70;75;14;0.10
10507;43;230;15;0.15
10507;48;64;15;0.15
10508;13;30;10;0.00
10508;39;90;10;0.00
10509;28;228;3;0.00
10510;29;619;36;0.00
10510;75;39;36;0.10
10511;4;110;50;0.15
10511;7;150;50;0.15
10511;8;200;10;0.15
10512;24;22;10;0.15
10512;46;60;9;0.15
10512;47;48;6;0.15
10512;60;170;12;0.15
10513;21;50;40;0.20
10513;32;160;50;0.20
10513;61;142;15;0.20
10514;20;405;39;0.00
10514;28;228;35;0.00
10514;56;190;70;0.00
10514;65;105;39;0.00
10514;75;39;50;0.00
10515;9;485;16;0.15
10515;16;87;50;0.00
10515;27;220;120;0.00
10515;33;12;16;0.15
10515;60;170;84;0.15
10516;18;312;25;0.10
10516;41;48;80;0.10
10516;42;70;20;0.00
10517;52;35;6;0.00
10517;59;275;4;0.00
10517;70;75;6;0.00
10518;24;22;5;0.00
10518;38;1318;15;0.00
10518;44;97;9;0.00
10519;10;155;16;0.05
10519;56;190;40;0.00
10519;60;170;10;0.05
10520;24;22;8;0.00
10520;53;164;5;0.00
10521;35;90;3;0.00
10521;41;48;10;0.00
10521;68;62;6;0.00
10522;1;90;40;0.20
10522;8;200;24;0.00
10522;30;129;20;0.20
10522;40;92;25;0.20
10523;17;195;25;0.10
10523;20;405;15;0.10
10523;37;130;18;0.10
10523;41;48;6;0.10
10524;10;155;2;0.00
10524;30;129;10;0.00
10524;43;230;60;0.00
10524;54;37;15;0.00
10525;36;95;30;0.00
10525;40;92;15;0.10
10526;1;90;8;0.15
10526;13;30;10;0.00
10526;56;190;30;0.15
10527;4;110;50;0.10
10527;36;95;30;0.10
10528;11;105;3;0.00
10528;33;12;8;0.20
10528;72;174;9;0.00
10529;55;120;14;0.00
10529;68;62;20;0.00
10529;69;180;10;0.00
10530;17;195;40;0.00
10530;43;230;25;0.00
10530;61;142;20;0.00
10530;76;90;50;0.00
10531;59;275;2;0.00
10532;30;129;15;0.00
10532;66;85;24;0.00
10533;4;110;50;0.05
10533;72;174;24;0.00
10533;73;75;24;0.05
10534;30;129;10;0.00
10534;40;92;10;0.20
10534;54;37;10;0.20
10535;11;105;50;0.10
10535;40;92;10;0.10
10535;57;98;5;0.10
10535;59;275;15;0.10
10536;12;190;15;0.25
10536;31;62;20;0.00
10536;33;12;30;0.00
10536;60;170;35;0.25
10537;31;62;30;0.00
10537;51;265;6;0.00
10537;58;66;20;0.00
10537;72;174;21;0.00
10537;73;75;9;0.00
10538;70;75;7;0.00
10538;72;174;1;0.00
10539;13;30;8;0.00
10539;21;50;15;0.00
10539;33;12;15;0.00
10539;49;100;6;0.00
10540;3;50;60;0.00
10540;26;156;40;0.00
10540;38;1318;30;0.00
10540;68;62;35;0.00
10541;24;22;35;0.10
10541;38;1318;4;0.10
10541;65;105;36;0.10
10541;71;108;9;0.10
10542;11;105;15;0.05
10542;54;37;24;0.05
10543;12;190;30;0.15
10543;23;45;70;0.15
10544;28;228;7;0.00
10544;67;70;7;0.00
10545;11;105;10;0.00
10546;7;150;10;0.00
10546;35;90;30;0.00
10546;62;246;40;0.00
10547;32;160;24;0.15
10547;36;95;60;0.00
10548;34;70;10;0.25
10548;41;48;14;0.00
10549;31;62;55;0.15
10549;45;48;100;0.15
10549;51;265;48;0.15
10550;17;195;8;0.10
10550;19;46;10;0.00
10550;21;50;6;0.10
10550;61;142;10;0.10
10551;16;87;40;0.15
10551;35;90;20;0.15
10551;44;97;40;0.00
10552;69;180;18;0.00
10552;75;39;30;0.00
10553;11;105;15;0.00
10553;16;87;14;0.00
10553;22;105;24;0.00
10553;31;62;30;0.00
10553;35;90;6;0.00
10554;16;87;30;0.05
10554;23;45;20;0.05
10554;62;246;20;0.05
10554;77;65;10;0.05
10555;14;116;30;0.20
10555;19;46;35;0.20
10555;24;22;18;0.20
10555;51;265;20;0.20
10555;56;190;40;0.20
10556;72;174;24;0.00
10557;64;166;30;0.00
10557;75;39;20;0.00
10558;47;48;25;0.00
10558;51;265;20;0.00
10558;52;35;30;0.00
10558;53;164;18;0.00
10558;73;75;3;0.00
10559;41;48;12;0.05
10559;55;120;18;0.05
10560;30;129;20;0.00
10560;62;246;15;0.25
10561;44;97;10;0.00
10561;51;265;50;0.00
10562;33;12;20;0.10
10562;62;246;10;0.10
10563;36;95;25;0.00
10563;52;35;70;0.00
10564;17;195;16;0.05
10564;31;62;6;0.05
10564;55;120;25;0.05
10565;24;22;25;0.10
10565;64;166;18;0.10
10566;11;105;35;0.15
10566;18;312;18;0.15
10566;76;90;10;0.00
10567;31;62;60;0.20
10567;51;265;3;0.00
10567;59;275;40;0.20
10568;10;155;5;0.00
10569;31;62;35;0.20
10569;76;90;30;0.00
10570;11;105;15;0.05
10570;56;190;60;0.05
10571;14;116;11;0.15
10571;42;70;28;0.15
10572;16;87;12;0.10
10572;32;160;10;0.10
10572;40;92;50;0.00
10572;75;39;15;0.10
10573;17;195;18;0.00
10573;34;70;40;0.00
10573;53;164;25;0.00
10574;33;12;14;0.00
10574;40;92;2;0.00
10574;62;246;10;0.00
10574;64;166;6;0.00
10575;59;275;12;0.00
10575;63;220;6;0.00
10575;72;174;30;0.00
10575;76;90;10;0.00
10576;1;90;10;0.00
10576;31;62;20;0.00
10576;44;97;21;0.00
10577;39;90;10;0.00
10577;75;39;20;0.00
10577;77;65;18;0.00
10578;35;90;20;0.00
10578;57;98;6;0.00
10579;15;78;10;0.00
10579;75;39;21;0.00
10580;14;116;15;0.05
10580;41;48;9;0.05
10580;65;105;30;0.05
10581;75;39;50;0.20
10582;57;98;4;0.00
10582;76;90;14;0.00
10583;29;619;10;0.00
10583;60;170;24;0.15
10583;69;180;10;0.15
10584;31;62;50;0.05
10585;47;48;15;0.00
10586;52;35;4;0.15
10587;26;156;6;0.00
10587;35;90;20;0.00
10587;77;65;20;0.00
10588;18;312;40;0.20
10588;42;70;100;0.20
10589;35;90;4;0.00
10590;1;90;20;0.00
10590;77;65;60;0.05
10591;3;50;14;0.00
10591;7;150;10;0.00
10591;54;37;50;0.00
10592;15;78;25;0.05
10592;26;156;5;0.05
10593;20;405;21;0.20
10593;69;180;20;0.20
10593;76;90;4;0.20
10594;52;35;24;0.00
10594;58;66;30;0.00
10595;35;90;30;0.25
10595;61;142;120;0.25
10595;69;180;65;0.25
10596;56;190;5;0.20
10596;63;220;24;0.20
10596;75;39;30;0.20
10597;24;22;35;0.20
10597;57;98;20;0.00
10597;65;105;12;0.20
10598;27;220;50;0.00
10598;71;108;9;0.00
10599;62;246;10;0.00
10600;54;37;4;0.00
10600;73;75;30;0.00
10601;13;30;60;0.00
10601;59;275;35;0.00
10602;77;65;5;0.25
10603;22;105;48;0.00
10603;49;100;25;0.05
10604;48;64;6;0.10
10604;76;90;10;0.10
10605;16;87;30;0.05
10605;59;275;20;0.05
10605;60;170;70;0.05
10605;71;108;15;0.05
10606;4;110;20;0.20
10606;55;120;20;0.20
10606;62;246;10;0.20
10607;7;150;45;0.00
10607;17;195;100;0.00
10607;33;12;14;0.00
10607;40;92;42;0.00
10607;72;174;12;0.00
10608;56;190;28;0.00
10609;1;90;3;0.00
10609;10;155;10;0.00
10609;21;50;6;0.00
10610;36;95;21;0.25
10611;1;90;6;0.00
10611;2;95;10;0.00
10611;60;170;15;0.00
10612;10;155;70;0.00
10612;36;95;55;0.00
10612;49;100;18;0.00
10612;60;170;40;0.00
10612;76;90;80;0.00
10613;13;30;8;0.10
10613;75;39;40;0.00
10614;11;105;14;0.00
10614;21;50;8;0.00
10614;39;90;5;0.00
10615;55;120;5;0.00
10616;38;1318;15;0.05
10616;56;190;14;0.00
10616;70;75;15;0.05
10616;71;108;15;0.05
10617;59;275;30;0.15
10618;6;125;70;0.00
10618;56;190;20;0.00
10618;68;62;15;0.00
10619;21;50;42;0.00
10619;22;105;40;0.00
10620;24;22;5;0.00
10620;52;35;5;0.00
10621;19;46;5;0.00
10621;23;45;10;0.00
10621;70;75;20;0.00
10621;71;108;15;0.00
10622;2;95;20;0.00
10622;68;62;18;0.20
10623;14;116;21;0.00
10623;19;46;15;0.10
10623;21;50;25;0.10
10623;24;22;3;0.00
10623;35;90;30;0.10
10624;28;228;10;0.00
10624;29;619;6;0.00
10624;44;97;10;0.00
10625;14;116;3;0.00
10625;42;70;5;0.00
10625;60;170;10;0.00
10626;53;164;12;0.00
10626;60;170;20;0.00
10626;71;108;20;0.00
10627;62;246;15;0.00
10627;73;75;35;0.15
10628;1;90;25;0.00
10629;29;619;20;0.00
10629;64;166;9;0.00
10630;55;120;12;0.05
10630;76;90;35;0.00
10631;75;39;8;0.10
10632;2;95;30;0.05
10632;33;12;20;0.05
10633;12;190;36;0.15
10633;13;30;13;0.15
10633;26;156;35;0.15
10633;62;246;80;0.15
10634;7;150;35;0.00
10634;18;312;50;0.00
10634;51;265;15;0.00
10634;75;39;2;0.00
10635;4;110;10;0.10
10635;5;107;15;0.10
10635;22;105;40;0.00
10636;4;110;25;0.00
10636;58;66;6;0.00
10637;11;105;10;0.00
10637;50;81;25;0.05
10637;56;190;60;0.05
10638;45;48;20;0.00
10638;65;105;21;0.00
10638;72;174;60;0.00
10639;18;312;8;0.00
10640;69;180;20;0.25
10640;70;75;15;0.25
10641;2;95;50;0.00
10641;40;92;60;0.00
10642;21;50;30;0.20
10642;61;142;20;0.20
10643;28;228;15;0.25
10643;39;90;21;0.25
10643;46;60;2;0.25
10644;18;312;4;0.10
10644;43;230;20;0.00
10644;46;60;21;0.10
10645;18;312;20;0.00
10645;36;95;15;0.00
10646;1;90;15;0.25
10646;10;155;18;0.25
10646;71;108;30;0.25
10646;77;65;35;0.25
10647;19;46;30;0.00
10647;39;90;20;0.00
10648;22;105;15;0.00
10648;24;22;15;0.15
10649;28;228;20;0.00
10649;72;174;15;0.00
10650;30;129;30;0.00
10650;53;164;25;0.05
10650;54;37;30;0.00
10651;19;46;12;0.25
10651;22;105;20;0.25
10652;30;129;2;0.25
10652;42;70;20;0.00
10653;16;87;30;0.10
10653;60;170;20;0.10
10654;4;110;12;0.10
10654;39;90;20;0.10
10654;54;37;6;0.10
10655;41;48;20;0.20
10656;14;116;3;0.10
10656;44;97;28;0.10
10656;47;48;6;0.10
10657;15;78;50;0.00
10657;41;48;24;0.00
10657;46;60;45;0.00
10657;47;48;10;0.00
10657;56;190;45;0.00
10657;60;170;30;0.00
10658;21;50;60;0.00
10658;40;92;70;0.05
10658;60;170;55;0.05
10658;77;65;70;0.05
10659;31;62;20;0.05
10659;40;92;24;0.05
10659;70;75;40;0.05
10660;20;405;21;0.00
10661;39;90;3;0.20
10661;58;66;49;0.20
10662;68;62;10;0.00
10663;40;92;30;0.05
10663;42;70;30;0.05
10663;51;265;20;0.05
10664;10;155;24;0.15
10664;56;190;12;0.15
10664;65;105;15;0.15
10665;51;265;20;0.00
10665;59;275;1;0.00
10665;76;90;10;0.00
10666;29;619;36;0.00
10666;65;105;10;0.00
10667;69;180;45;0.20
10667;71;108;14;0.20
10668;31;62;8;0.10
10668;55;120;4;0.10
10668;64;166;15;0.10
10669;36;95;30;0.00
10670;23;45;32;0.00
10670;46;60;60;0.00
10670;67;70;25;0.00
10670;73;75;50;0.00
10670;75;39;25;0.00
10671;16;87;10;0.00
10671;62;246;10;0.00
10671;65;105;12;0.00
10672;38;1318;15;0.10
10672;71;108;12;0.00
10673;16;87;3;0.00
10673;42;70;6;0.00
10673;43;230;6;0.00
10674;23;45;5;0.00
10675;14;116;30;0.00
10675;53;164;10;0.00
10675;58;66;30;0.00
10676;10;155;2;0.00
10676;19;46;7;0.00
10676;44;97;21;0.00
10677;26;156;30;0.15
10677;33;12;8;0.15
10678;12;190;100;0.00
10678;33;12;30;0.00
10678;41;48;120;0.00
10678;54;37;30;0.00
10679;59;275;12;0.00
10680;16;87;50;0.25
10680;31;62;20;0.25
10680;42;70;40;0.25
10681;19;46;30;0.10
10681;21;50;12;0.10
10681;64;166;28;0.00
10682;33;12;30;0.00
10682;66;85;4;0.00
10682;75;39;30;0.00
10683;52;35;9;0.00
10684;40;92;20;0.00
10684;47;48;40;0.00
10684;60;170;30;0.00
10685;10;155;20;0.00
10685;41;48;4;0.00
10685;47;48;15;0.00
10686;17;195;30;0.20
10686;26;156;15;0.00
10687;9;485;50;0.25
10687;29;619;10;0.00
10687;36;95;6;0.25
10688;10;155;18;0.10
10688;28;228;60;0.10
10688;34;70;14;0.00
10689;1;90;35;0.25
10690;56;190;20;0.25
10690;77;65;30;0.25
10691;1;90;30;0.00
10691;29;619;40;0.00
10691;43;230;40;0.00
10691;44;97;24;0.00
10691;62;246;48;0.00
10692;63;220;20;0.00
10693;9;485;6;0.00
10693;54;37;60;0.15
10693;69;180;30;0.15
10693;73;75;15;0.15
10694;7;150;90;0.00
10694;59;275;25;0.00
10694;70;75;50;0.00
10695;8;200;10;0.00
10695;12;190;4;0.00
10695;24;22;20;0.00
10696;17;195;20;0.00
10696;46;60;18;0.00
10697;19;46;7;0.25
10697;35;90;9;0.25
10697;58;66;30;0.25
10697;70;75;30;0.25
10698;11;105;15;0.00
10698;17;195;8;0.05
10698;29;619;12;0.05
10698;65;105;65;0.05
10698;70;75;8;0.05
10699;47;48;12;0.00
10700;1;90;5;0.20
10700;34;70;12;0.20
10700;68;62;40;0.20
10700;71;108;60;0.20
10701;59;275;42;0.15
10701;71;108;20;0.15
10701;76;90;35;0.15
10702;3;50;6;0.00
10702;76;90;15;0.00
10703;2;95;5;0.00
10703;59;275;35;0.00
10703;73;75;35;0.00
10704;4;110;6;0.00
10704;24;22;35;0.00
10704;48;64;24;0.00
10705;31;62;20;0.00
10705;32;160;4;0.00
10706;16;87;20;0.00
10706;43;230;24;0.00
10706;59;275;8;0.00
10707;55;120;21;0.00
10707;57;98;40;0.00
10707;70;75;28;0.15
10708;5;107;4;0.00
10708;36;95;5;0.00
10709;8;200;40;0.00
10709;51;265;28;0.00
10709;60;170;10;0.00
10710;19;46;5;0.00
10710;47;48;5;0.00
10711;19;46;12;0.00
10711;41;48;42;0.00
10711;53;164;120;0.00
10712;53;164;3;0.05
10712;56;190;30;0.00
10713;10;155;18;0.00
10713;26;156;30;0.00
10713;45;48;110;0.00
10713;46;60;24;0.00
10714;2;95;30;0.25
10714;17;195;27;0.25
10714;47;48;50;0.25
10714;56;190;18;0.25
10714;58;66;12;0.25
10715;10;155;21;0.00
10715;71;108;30;0.00
10716;21;50;5;0.00
10716;51;265;7;0.00
10716;61;142;10;0.00
10717;21;50;32;0.05
10717;54;37;15;0.00
10717;69;180;25;0.05
10718;12;190;36;0.00
10718;16;87;20;0.00
10718;36;95;40;0.00
10718;62;246;20;0.00
10719;18;312;12;0.25
10719;30;129;3;0.25
10719;54;37;40;0.25
10720;35;90;21;0.00
10720;71;108;8;0.00
10721;44;97;50;0.05
10722;2;95;3;0.00
10722;31;62;50;0.00
10722;68;62;45;0.00
10722;75;39;42;0.00
10723;26;156;15;0.00
10724;10;155;16;0.00
10724;61;142;5;0.00
10725;41;48;12;0.00
10725;52;35;4;0.00
10725;55;120;6;0.00
10726;4;110;25;0.00
10726;11;105;5;0.00
10727;17;195;20;0.05
10727;56;190;10;0.05
10727;59;275;10;0.05
10728;30;129;15;0.00
10728;40;92;6;0.00
10728;55;120;12;0.00
10728;60;170;15;0.00
10729;1;90;50;0.00
10729;21;50;30;0.00
10729;50;81;40;0.00
10730;16;87;15;0.05
10730;31;62;3;0.05
10730;65;105;10;0.05
10731;21;50;40;0.05
10731;51;265;30;0.05
10732;76;90;20;0.00
10733;14;116;16;0.00
10733;28;228;20;0.00
10733;52;35;25;0.00
10734;6;125;30;0.00
10734;30;129;15;0.00
10734;76;90;20;0.00
10735;61;142;20;0.10
10735;77;65;2;0.10
10736;65;105;40;0.00
10736;75;39;20;0.00
10737;13;30;4;0.00
10737;41;48;12;0.00
10738;16;87;3;0.00
10739;36;95;6;0.00
10739;52;35;18;0.00
10740;28;228;5;0.20
10740;35;90;35;0.20
10740;45;48;40;0.20
10740;56;190;14;0.20
10741;2;95;15;0.20
10742;3;50;20;0.00
10742;60;170;50;0.00
10742;72;174;35;0.00
10743;46;60;28;0.05
10744;40;92;50;0.20
10745;18;312;24;0.00
10745;44;97;16;0.00
10745;59;275;45;0.00
10745;72;174;7;0.00
10746;13;30;6;0.00
10746;42;70;28;0.00
10746;62;246;9;0.00
10746;69;180;40;0.00
10747;31;62;8;0.00
10747;41;48;35;0.00
10747;63;220;9;0.00
10747;69;180;30;0.00
10748;23;45;44;0.00
10748;40;92;40;0.00
10748;56;190;28;0.00
10749;56;190;15;0.00
10749;59;275;6;0.00
10749;76;90;10;0.00
10750;14;116;5;0.15
10750;45;48;40;0.15
10750;59;275;25;0.15
10751;26;156;12;0.10
10751;30;129;30;0.00
10751;50;81;20;0.10
10751;73;75;15;0.00
10752;1;90;8;0.00
10752;69;180;3;0.00
10753;45;48;4;0.00
10753;74;50;5;0.00
10754;40;92;3;0.00
10755;47;48;30;0.25
10755;56;190;30;0.25
10755;57;98;14;0.25
10755;69;180;25;0.25
10756;18;312;21;0.20
10756;36;95;20;0.20
10756;68;62;6;0.20
10756;69;180;20;0.20
10757;34;70;30;0.00
10757;59;275;7;0.00
10757;62;246;30;0.00
10757;64;166;24;0.00
10758;26;156;20;0.00
10758;52;35;60;0.00
10758;70;75;40;0.00
10759;32;160;10;0.00
10760;25;70;12;0.25
10760;27;220;40;0.00
10760;43;230;30;0.25
10761;25;70;35;0.25
10761;75;39;18;0.00
10762;39;90;16;0.00
10762;47;48;30;0.00
10762;51;265;28;0.00
10762;56;190;60;0.00
10763;21;50;40;0.00
10763;22;105;6;0.00
10763;24;22;20;0.00
10764;3;50;20;0.10
10764;39;90;130;0.10
10765;65;105;80;0.10
10766;2;95;40;0.00
10766;7;150;35;0.00
10766;68;62;40;0.00
10767;42;70;2;0.00
10768;22;105;4;0.00
10768;31;62;50;0.00
10768;60;170;15;0.00
10768;71;108;12;0.00
10769;41;48;30;0.05
10769;52;35;15;0.05
10769;61;142;20;0.00
10769;62;246;15;0.00
10770;11;105;15;0.25
10771;71;108;16;0.00
10772;29;619;18;0.00
10772;59;275;25;0.00
10773;17;195;33;0.00
10773;31;62;70;0.20
10773;75;39;7;0.20
10774;31;62;2;0.25
10774;66;85;50;0.00
10775;10;155;6;0.00
10775;67;70;3;0.00
10776;31;62;16;0.05
10776;42;70;12;0.05
10776;45;48;27;0.05
10776;51;265;120;0.05
10777;42;70;20;0.20
10778;41;48;10;0.00
10779;16;87;20;0.00
10779;62;246;20;0.00
10780;70;75;35;0.00
10780;77;65;15;0.00
10781;54;37;3;0.20
10781;56;190;20;0.20
10781;74;50;35;0.00
10782;31;62;1;0.00
10783;31;62;10;0.00
10783;38;1318;5;0.00
10784;36;95;30;0.00
10784;39;90;2;0.15
10784;72;174;30;0.15
10785;10;155;10;0.00
10785;75;39;10;0.00
10786;8;200;30;0.20
10786;30;129;15;0.20
10786;75;39;42;0.20
10787;2;95;15;0.05
10787;29;619;20;0.05
10788;19;46;50;0.05
10788;75;39;40;0.05
10789;18;312;30;0.00
10789;35;90;15;0.00
10789;63;220;30;0.00
10789;68;62;18;0.00
10790;7;150;3;0.15
10790;56;190;20;0.15
10791;29;619;14;0.05
10791;41;48;20;0.05
10792;2;95;10;0.00
10792;54;37;3;0.00
10792;68;62;15;0.00
10793;41;48;14;0.00
10793;52;35;8;0.00
10794;14;116;15;0.20
10794;54;37;6;0.20
10795;16;87;65;0.00
10795;17;195;35;0.25
10796;26;156;21;0.20
10796;44;97;10;0.00
10796;64;166;35;0.20
10796;69;180;24;0.20
10797;11;105;20;0.00
10798;62;246;2;0.00
10798;72;174;10;0.00
10799;13;30;20;0.15
10799;24;22;20;0.15
10799;59;275;25;0.00
10800;11;105;50;0.10
10800;51;265;10;0.10
10800;54;37;7;0.10
10801;17;195;40;0.25
10801;29;619;20;0.25
10802;30;129;25;0.25
10802;51;265;30;0.25
10802;55;120;60;0.25
10802;62;246;5;0.25
10803;19;46;24;0.05
10803;25;70;15;0.05
10803;59;275;15;0.05
10804;10;155;36;0.00
10804;28;228;24;0.00
10804;49;100;4;0.15
10805;34;70;10;0.00
10805;38;1318;10;0.00
10806;2;95;20;0.25
10806;65;105;2;0.00
10806;74;50;15;0.25
10807;40;92;1;0.00
10808;56;190;20;0.15
10808;76;90;50;0.15
10809;52;35;20;0.00
10810;13;30;7;0.00
10810;25;70;5;0.00
10810;70;75;5;0.00
10811;19;46;15;0.00
10811;23;45;18;0.00
10811;40;92;30;0.00
10812;31;62;16;0.10
10812;72;174;40;0.10
10812;77;65;20;0.00
10813;2;95;12;0.20
10813;46;60;35;0.00
10814;41;48;20;0.00
10814;43;230;20;0.15
10814;48;64;8;0.15
10814;61;142;30;0.15
10815;33;12;16;0.00
10816;38;1318;30;0.05
10816;62;246;20;0.05
10817;26;156;40;0.15
10817;38;1318;30;0.00
10817;40;92;60;0.15
10817;62;246;25;0.15
10818;32;160;20;0.00
10818;41;48;20;0.00
10819;43;230;7;0.00
10819;75;39;20;0.00
10820;56;190;30;0.00
10821;35;90;20;0.00
10821;51;265;6;0.00
10822;62;246;3;0.00
10822;70;75;6;0.00
10823;11;105;20;0.10
10823;57;98;15;0.00
10823;59;275;40;0.10
10823;77;65;15;0.10
10824;41;48;12;0.00
10824;70;75;9;0.00
10825;26;156;12;0.00
10825;53;164;20;0.00
10826;31;62;35;0.00
10826;57;98;15;0.00
10827;10;155;15;0.00
10827;39;90;21;0.00
10828;20;405;5;0.00
10828;38;1318;2;0.00
10829;2;95;10;0.00
10829;8;200;20;0.00
10829;13;30;10;0.00
10829;60;170;21;0.00
10830;6;125;6;0.00
10830;39;90;28;0.00
10830;60;170;30;0.00
10830;68;62;24;0.00
10831;19;46;2;0.00
10831;35;90;8;0.00
10831;38;1318;8;0.00
10831;43;230;9;0.00
10832;13;30;3;0.20
10832;25;70;10;0.20
10832;44;97;16;0.20
10832;64;166;3;0.00
10833;7;150;20;0.10
10833;31;62;9;0.10
10833;53;164;9;0.10
10834;29;619;8;0.05
10834;30;129;20;0.05
10835;59;275;15;0.00
10835;77;65;2;0.20
10836;22;105;52;0.00
10836;35;90;6;0.00
10836;57;98;24;0.00
10836;60;170;60;0.00
10836;64;166;30;0.00
10837;13;30;6;0.00
10837;40;92;25;0.00
10837;47;48;40;0.25
10837;76;90;21;0.25
10838;1;90;4;0.25
10838;18;312;25;0.25
10838;36;95;50;0.25
10839;58;66;30;0.10
10839;72;174;15;0.10
10840;25;70;6;0.20
10840;39;90;10;0.20
10841;10;155;16;0.00
10841;56;190;30;0.00
10841;59;275;50;0.00
10841;77;65;15;0.00
10842;11;105;15;0.00
10842;43;230;5;0.00
10842;68;62;20;0.00
10842;70;75;12;0.00
10843;51;265;4;0.25
10844;22;105;35;0.00
10845;23;45;70;0.10
10845;35;90;25;0.10
10845;42;70;42;0.10
10845;58;66;60;0.10
10845;64;166;48;0.00
10846;4;110;21;0.00
10846;70;75;30;0.00
10846;74;50;20;0.00
10847;1;90;80;0.20
10847;19;46;12;0.20
10847;37;130;60;0.20
10847;45;48;36;0.20
10847;60;170;45;0.20
10847;71;108;55;0.20
10848;5;107;30;0.00
10848;9;485;3;0.00
10849;3;50;49;0.00
10849;26;156;18;0.15
10850;25;70;20;0.15
10850;33;12;4;0.15
10850;70;75;30;0.15
10851;2;95;5;0.05
10851;25;70;10;0.05
10851;57;98;10;0.05
10851;59;275;42;0.05
10852;2;95;15;0.00
10852;17;195;6;0.00
10852;62;246;50;0.00
10853;18;312;10;0.00
10854;10;155;100;0.15
10854;13;30;65;0.15
10855;16;87;50;0.00
10855;31;62;14;0.00
10855;56;190;24;0.00
10855;65;105;15;0.15
10856;2;95;20;0.00
10856;42;70;20;0.00
10857;3;50;30;0.00
10857;26;156;35;0.25
10857;29;619;10;0.25
10858;7;150;5;0.00
10858;27;220;10;0.00
10858;70;75;4;0.00
10859;24;22;40;0.25
10859;54;37;35;0.25
10859;64;166;30;0.25
10860;51;265;3;0.00
10860;76;90;20;0.00
10861;17;195;42;0.00
10861;18;312;20;0.00
10861;21;50;40;0.00
10861;33;12;35;0.00
10861;62;246;3;0.00
10862;11;105;25;0.00
10862;52;35;8;0.00
10863;1;90;20;0.15
10863;58;66;12;0.15
10864;35;90;4;0.00
10864;67;70;15;0.00
10865;38;1318;60;0.05
10865;39;90;80;0.05
10866;2;95;21;0.25
10866;24;22;6;0.25
10866;30;129;40;0.25
10867;53;164;3;0.00
10868;26;156;20;0.00
10868;35;90;30;0.00
10868;49;100;42;0.10
10869;1;90;40;0.00
10869;11;105;10;0.00
10869;23;45;50;0.00
10869;68;62;20;0.00
10870;35;90;3;0.00
10870;51;265;2;0.00
10871;6;125;50;0.05
10871;16;87;12;0.05
10871;17;195;16;0.05
10872;55;120;10;0.05
10872;62;246;20;0.05
10872;64;166;15;0.05
10872;65;105;21;0.05
10873;21;50;20;0.00
10873;28;228;3;0.00
10874;10;155;10;0.00
10875;19;46;25;0.00
10875;47;48;21;0.10
10875;49;100;15;0.00
10876;46;60;21;0.00
10876;64;166;20;0.00
10877;16;87;30;0.25
10877;18;312;25;0.00
10878;20;405;20;0.05
10879;40;92;12;0.00
10879;65;105;10;0.00
10879;76;90;10;0.00
10880;23;45;30;0.20
10880;61;142;30;0.20
10880;70;75;50;0.20
10881;73;75;10;0.00
10882;42;70;25;0.00
10882;49;100;20;0.15
10882;54;37;32;0.15
10883;24;22;8;0.00
10884;21;50;40;0.05
10884;56;190;21;0.05
10884;65;105;12;0.05
10885;2;95;20;0.00
10885;24;22;12;0.00
10885;70;75;30;0.00
10885;77;65;25;0.00
10886;10;155;70;0.00
10886;31;62;35;0.00
10886;77;65;40;0.00
10887;25;70;5;0.00
10888;2;95;20;0.00
10888;68;62;18;0.00
10889;11;105;40;0.00
10889;38;1318;40;0.00
10890;17;195;15;0.00
10890;34;70;10;0.00
10890;41;48;14;0.00
10891;30;129;15;0.05
10892;59;275;40;0.05
10893;8;200;30;0.00
10893;24;22;10;0.00
10893;29;619;24;0.00
10893;30;129;35;0.00
10893;36;95;20;0.00
10894;13;30;28;0.05
10894;69;180;50;0.05
10894;75;39;120;0.05
10895;24;22;110;0.00
10895;39;90;45;0.00
10895;40;92;91;0.00
10895;60;170;100;0.00
10896;45;48;15;0.00
10896;56;190;16;0.00
10897;29;619;80;0.00
10897;30;129;36;0.00
10898;13;30;5;0.00
10899;39;90;8;0.15
10900;70;75;3;0.25
10901;41;48;30;0.00
10901;71;108;30;0.00
10902;55;120;30;0.15
10902;62;246;6;0.15
10903;13;30;40;0.00
10903;65;105;21;0.00
10903;68;62;20;0.00
10904;58;66;15;0.00
10904;62;246;35;0.00
10905;1;90;20;0.05
10906;61;142;15;0.00
10907;75;39;14;0.00
10908;7;150;20;0.05
10908;52;35;14;0.05
10909;7;150;12;0.00
10909;16;87;15;0.00
10909;41;48;5;0.00
10910;19;46;12;0.00
10910;49;100;10;0.00
10910;61;142;5;0.00
10911;1;90;10;0.00
10911;17;195;12;0.00
10911;67;70;15;0.00
10912;11;105;40;0.25
10912;29;619;60;0.25
10913;4;110;30;0.25
10913;33;12;40;0.25
10913;58;66;15;0.00
10914;71;108;25;0.00
10915;17;195;10;0.00
10915;33;12;30;0.00
10915;54;37;10;0.00
10916;16;87;6;0.00
10916;32;160;6;0.00
10916;57;98;20;0.00
10917;30;129;1;0.00
10917;60;170;10;0.00
10918;1;90;60;0.25
10918;60;170;25;0.25
10919;16;87;24;0.00
10919;25;70;24;0.00
10919;40;92;20;0.00
10920;50;81;24;0.00
10921;35;90;10;0.00
10921;63;220;40;0.00
10922;17;195;15;0.00
10922;24;22;35;0.00
10923;42;70;10;0.20
10923;43;230;10;0.20
10923;67;70;24;0.20
10924;10;155;20;0.10
10924;28;228;30;0.10
10924;75;39;6;0.00
10925;36;95;25;0.15
10925;52;35;12;0.15
10926;11;105;2;0.00
10926;13;30;10;0.00
10926;19;46;7;0.00
10926;72;174;10;0.00
10927;20;405;5;0.00
10927;52;35;5;0.00
10927;76;90;20;0.00
10928;47;48;5;0.00
10928;76;90;5;0.00
10929;21;50;60;0.00
10929;75;39;49;0.00
10929;77;65;15;0.00
10930;21;50;36;0.00
10930;27;220;25;0.00
10930;55;120;25;0.20
10930;58;66;30;0.20
10931;13;30;42;0.15
10931;57;98;30;0.00
10932;16;87;30;0.10
10932;62;246;14;0.10
10932;72;174;16;0.00
10932;75;39;20;0.10
10933;53;164;2;0.00
10933;61;142;30;0.00
10934;6;125;20;0.00
10935;1;90;21;0.00
10935;18;312;4;0.25
10935;23;45;8;0.25
10936;36;95;30;0.20
10937;28;228;8;0.00
10937;34;70;20;0.00
10938;13;30;20;0.25
10938;43;230;24;0.25
10938;60;170;49;0.25
10938;71;108;35;0.25
10939;2;95;10;0.15
10939;67;70;40;0.15
10940;7;150;8;0.00
10940;13;30;20;0.00
10941;31;62;44;0.25
10941;62;246;30;0.25
10941;68;62;80;0.25
10941;72;174;50;0.00
10942;49;100;28;0.00
10943;13;30;15;0.00
10943;22;105;21;0.00
10943;46;60;15;0.00
10944;11;105;5;0.25
10944;44;97;18;0.25
10944;56;190;18;0.00
10945;13;30;20;0.00
10945;31;62;10;0.00
10946;10;155;25;0.00
10946;24;22;25;0.00
10946;77;65;40;0.00
10947;59;275;4;0.00
10948;50;81;9;0.00
10948;51;265;40;0.00
10948;55;120;4;0.00
10949;6;125;12;0.00
10949;10;155;30;0.00
10949;17;195;6;0.00
10949;62;246;60;0.00
10950;4;110;5;0.00
10951;33;12;15;0.05
10951;41;48;6;0.05
10951;75;39;50;0.05
10952;6;125;16;0.05
10952;28;228;2;0.00
10953;20;405;50;0.05
10953;31;62;50;0.05
10954;16;87;28;0.15
10954;31;62;25;0.15
10954;45;48;30;0.00
10954;60;170;24;0.15
10955;75;39;12;0.20
10956;21;50;12;0.00
10956;47;48;14;0.00
10956;51;265;8;0.00
10957;30;129;30;0.00
10957;35;90;40;0.00
10957;64;166;8;0.00
10958;5;107;20;0.00
10958;7;150;6;0.00
10958;72;174;5;0.00
10959;75;39;20;0.15
10960;24;22;10;0.25
10960;41;48;24;0.00
10961;52;35;6;0.05
10961;76;90;60;0.00
10962;7;150;45;0.00
10962;13;30;77;0.00
10962;53;164;20;0.00
10962;69;180;9;0.00
10962;76;90;44;0.00
10963;60;170;2;0.15
10964;18;312;6;0.00
10964;38;1318;5;0.00
10964;69;180;10;0.00
10965;51;265;16;0.00
10966;37;130;8;0.00
10966;56;190;12;0.15
10966;62;246;12;0.15
10967;19;46;12;0.00
10967;49;100;40;0.00
10968;12;190;30;0.00
10968;24;22;30;0.00
10968;64;166;4;0.00
10969;46;60;9;0.00
10970;52;35;40;0.20
10971;29;619;14;0.00
10972;17;195;6;0.00
10972;33;12;7;0.00
10973;26;156;5;0.00
10973;41;48;6;0.00
10973;75;39;10;0.00
10974;63;220;10;0.00
10975;8;200;16;0.00
10975;75;39;10;0.00
10976;28;228;20;0.00
10977;39;90;30;0.00
10977;47;48;30;0.00
10977;51;265;10;0.00
10977;63;220;20;0.00
10978;8;200;20;0.15
10978;21;50;40;0.15
10978;40;92;10;0.00
10978;44;97;6;0.15
10979;7;150;18;0.00
10979;12;190;20;0.00
10979;24;22;80;0.00
10979;27;220;30;0.00
10979;31;62;24;0.00
10979;63;220;35;0.00
10980;75;39;40;0.20
10981;38;1318;60;0.00
10982;7;150;20;0.00
10982;43;230;9;0.00
10983;13;30;84;0.15
10983;57;98;15;0.00
10984;16;87;55;0.00
10984;24;22;20;0.00
10984;36;95;40;0.00
10985;16;87;36;0.10
10985;18;312;8;0.10
10985;32;160;35;0.10
10986;11;105;30;0.00
10986;20;405;15;0.00
10986;76;90;10;0.00
10986;77;65;15;0.00
10987;7;150;60;0.00
10987;43;230;6;0.00
10987;72;174;20;0.00
10988;7;150;60;0.00
10988;62;246;40;0.10
10989;6;125;40;0.00
10989;11;105;15;0.00
10989;41;48;4;0.00
10990;21;50;65;0.00
10990;34;70;60;0.15
10990;55;120;65;0.15
10990;61;142;66;0.15
10991;2;95;50;0.20
10991;70;75;20;0.20
10991;76;90;90;0.20
10992;72;174;2;0.00
10993;29;619;50;0.25
10993;41;48;35;0.25
10994;59;275;18;0.05
10995;51;265;20;0.00
10995;60;170;4;0.00
10996;42;70;40;0.00
10997;32;160;50;0.00
10997;46;60;20;0.25
10997;52;35;20;0.25
10998;24;22;12;0.00
10998;61;142;7;0.00
10998;74;50;20;0.00
10998;75;39;30;0.00
10999;41;48;20;0.05
10999;51;265;15;0.05
10999;77;65;21;0.05
11000;4;110;25;0.25
11000;24;22;30;0.25
11000;77;65;30;0.00
11001;7;150;60;0.00
11001;22;105;25;0.00
11001;46;60;25;0.00
11001;55;120;6;0.00
11002;13;30;56;0.00
11002;35;90;15;0.15
11002;42;70;24;0.15
11002;55;120;40;0.00
11003;1;90;4;0.00
11003;40;92;10;0.00
11003;52;35;10;0.00
11004;26;156;6;0.00
11004;76;90;6;0.00
11005;1;90;2;0.00
11005;59;275;10;0.00
11006;1;90;8;0.00
11006;29;619;2;0.25
11007;8;200;30;0.00
11007;29;619;10;0.00
11007;42;70;14;0.00
11008;28;228;70;0.05
11008;34;70;90;0.05
11008;71;108;21;0.00
11009;24;22;12;0.00
11009;36;95;18;0.25
11009;60;170;9;0.00
11010;7;150;20;0.00
11010;24;22;10;0.00
11011;58;66;40;0.05
11011;71;108;20;0.00
11012;19;46;50;0.05
11012;60;170;36;0.05
11012;71;108;60;0.05
11013;23;45;10;0.00
11013;42;70;4;0.00
11013;45;48;20;0.00
11013;68;62;2;0.00
11014;41;48;28;0.10
11015;30;129;15;0.00
11015;77;65;18;0.00
11016;31;62;15;0.00
11016;36;95;16;0.00
11017;3;50;25;0.00
11017;59;275;110;0.00
11017;70;75;30;0.00
11018;12;190;20;0.00
11018;18;312;10;0.00
11018;56;190;5;0.00
11019;46;60;3;0.00
11019;49;100;2;0.00
11020;10;155;24;0.15
11021;2;95;11;0.25
11021;20;405;15;0.00
11021;26;156;63;0.00
11021;51;265;44;0.25
11021;72;174;35;0.00
11022;19;46;35;0.00
11022;69;180;30;0.00
11023;7;150;4;0.00
11023;43;230;30;0.00
11024;26;156;12;0.00
11024;33;12;30;0.00
11024;65;105;21;0.00
11024;71;108;50;0.00
11025;1;90;10;0.10
11025;13;30;20;0.10
11026;18;312;8;0.00
11026;51;265;10;0.00
11027;24;22;30;0.25
11027;62;246;21;0.25
11028;55;120;35;0.00
11028;59;275;24;0.00
11029;56;190;20;0.00
11029;63;220;12;0.00
11030;2;95;100;0.25
11030;5;107;70;0.00
11030;29;619;60;0.25
11030;59;275;100;0.25
11031;1;90;45;0.00
11031;13;30;80;0.00
11031;24;22;21;0.00
11031;64;166;20;0.00
11031;71;108;16;0.00
11032;36;95;35;0.00
11032;38;1318;25;0.00
11032;59;275;30;0.00
11033;53;164;70;0.10
11033;69;180;36;0.10
11034;21;50;15;0.10
11034;44;97;12;0.00
11034;61;142;6;0.00
11035;1;90;10;0.00
11035;35;90;60;0.00
11035;42;70;30;0.00
11035;54;37;10;0.00
11036;13;30;7;0.00
11036;59;275;30;0.00
11037;70;75;4;0.00
11038;40;92;5;0.20
11038;52;35;2;0.00
11038;71;108;30;0.00
11039;28;228;20;0.00
11039;35;90;24;0.00
11039;49;100;60;0.00
11039;57;98;28;0.00
11040;21;50;20;0.00
11041;2;95;30;0.20
11041;63;220;30;0.00
11042;44;97;15;0.00
11042;61;142;4;0.00
11043;11;105;10;0.00
11044;62;246;12;0.00
11045;33;12;15;0.00
11045;51;265;24;0.00
11046;12;190;20;0.05
11046;32;160;15;0.05
11046;35;90;18;0.05
11047;1;90;25;0.25
11047;5;107;30;0.25
11048;68;62;42;0.00
11049;2;95;10;0.20
11049;12;190;4;0.20
11050;76;90;50;0.10
11051;24;22;10;0.20
11052;43;230;30;0.20
11052;61;142;10;0.20
11053;18;312;35;0.20
11053;32;160;20;0.00
11053;64;166;25;0.20
11054;33;12;10;0.00
11054;67;70;20;0.00
11055;24;22;15;0.00
11055;25;70;15;0.00
11055;51;265;20;0.00
11055;57;98;20;0.00
11056;7;150;40;0.00
11056;55;120;35;0.00
11056;60;170;50;0.00
11057;70;75;3;0.00
11058;21;50;3;0.00
11058;60;170;21;0.00
11058;61;142;4;0.00
11059;13;30;30;0.00
11059;17;195;12;0.00
11059;60;170;35;0.00
11060;60;170;4;0.00
11060;77;65;10;0.00
11061;60;170;15;0.00
11062;53;164;10;0.20
11062;70;75;12;0.20
11063;34;70;30;0.00
11063;40;92;40;0.10
11063;41;48;30;0.10
11064;17;195;77;0.10
11064;41;48;12;0.00
11064;53;164;25;0.10
11064;55;120;4;0.10
11064;68;62;55;0.00
11065;30;129;4;0.25
11065;54;37;20;0.25
11066;16;87;3;0.00
11066;19;46;42;0.00
11066;34;70;35;0.00
11067;41;48;9;0.00
11068;28;228;8;0.15
11068;43;230;36;0.15
11068;77;65;28;0.15
11069;39;90;20;0.00
11070;1;90;40;0.15
11070;2;95;20;0.15
11070;16;87;30;0.15
11070;31;62;20;0.00
11071;7;150;15;0.05
11071;13;30;10;0.05
11072;2;95;8;0.00
11072;41;48;40;0.00
11072;50;81;22;0.00
11072;64;166;130;0.00
11073;11;105;10;0.00
11073;24;22;20;0.00
11074;16;87;14;0.05
11075;2;95;10;0.15
11075;46;60;30;0.15
11075;76;90;2;0.15
11076;6;125;20;0.25
11076;14;116;20;0.25
11076;19;46;10;0.25
11077;2;95;24;0.20
11077;3;50;4;0.00
11077;4;110;1;0.00
11077;6;125;1;0.02
11077;7;150;1;0.05
11077;8;200;2;0.10
11077;10;155;1;0.00
11077;12;190;2;0.05
11077;13;30;4;0.00
11077;14;116;1;0.03
11077;16;87;2;0.03
11077;20;405;1;0.04
11077;23;45;2;0.00
11077;32;160;1;0.00
11077;39;90;2;0.05
11077;41;48;3;0.00
11077;46;60;3;0.02
11077;52;35;2;0.00
11077;55;120;2;0.00
11077;60;170;2;0.06
11077;64;166;2;0.03
11077;66;85;1;0.00
11077;73;75;2;0.01
11077;75;39;4;0.00
11077;77;65;2;0.00
